"","time","I","D","I_r0_min","D_r0_min","I_r0_max","D_r0_max"
"1",0,1000,0,1000,0,1000,0
"2",1,893.866030899861,6.72290670839753,883.379397041725,6.69698323006958,914.075464499754,6.77274483681961
"3",2,844.760064941373,12.9045400978484,808.171145716399,12.7178619916957,916.500088416986,13.2671069885591
"4",3,834.685321610676,18.8833380600519,761.709838586838,18.3104214866546,981.786380748151,20.0143630961124
"5",4,852.013427459078,24.8935402055402,735.252875024861,23.6468461774386,1096.20359434587,27.4090385847801
"6",5,889.296638747218,31.1022656240929,722.766189583069,28.8471517150264,1253.41102820005,35.7759310393519
"7",6,941.832199312953,37.6339524375842,720.0874318018,33.9953343439533,1451.86804142778,45.4128682019854
"8",7,1006.72978358776,44.5863522336801,724.346005940874,39.1505643273178,1693.33193181481,56.6191092048825
"9",8,1082.29947322818,52.0411537801805,733.563768067727,44.3548936185882,1982.01752036811,69.7155995284959
"10",9,1167.65388697599,60.071028521595,746.379243090936,49.6385802133429,2324.17017115749,85.0608020843998
"11",10,1262.44888171921,68.7443722682045,761.856936499086,55.0237705964699,2727.89988024565,103.06449587247
"12",11,1366.71543540849,78.1285430856443,779.355499455522,60.5270466216195,3203.19153372174,124.20103189258
"13",12,1480.75145737281,88.2921240353795,798.437025155724,66.1611787834358,3762.03588302261,149.0231418594
"14",13,1605.05274169154,99.3065632491918,818.804139631573,71.93634323114,4418.65562004243,178.177010842721
"15",14,1740.26927250242,111.247426050222,840.256706205028,77.8609603820514,5189.81221567557,212.419283075637
"16",15,1887.17952701783,124.195387595196,862.661949847515,83.9422746537625,6095.18674672216,252.63650231438
"17",16,2046.67520570114,138.237091934018,885.933542589484,90.1867613554912,7157.83662761053,299.867573099937
"18",17,2219.75370412116,153.465944102023,910.017597960841,96.6004003397983,8404.72923242581,355.329684874745
"19",18,2407.51602114079,169.982834852527,934.88273504315,103.188871206803,9867.36171451266,420.448445666352
"20",19,2611.16800344746,187.896883629096,960.513220600398,109.957689222697,11582.4702156042,496.892713398938
"21",20,2832.02380043782,207.326217275526,986.9042334411,116.912300331012,13592.8370197405,586.614831420006
"22",21,3071.51196896696,228.398752819007,1014.05892971085,124.058141419605,15948.1998687326,691.896965508002
"23",22,3331.18248542273,251.253039031564,1041.98580988521,131.400695082522,18706.2696475385,815.404356286121
"24",23,3612.71498511717,276.039154592408,1070.69731461898,138.945520602076,21933.8565182149,960.24642921125
"25",24,3917.92823126904,302.919666318721,1100.20894419718,146.698279198963,25708.0852658444,1130.04578515383
"26",25,4248.79043562939,332.070659412478,1130.53828783269,154.664746769417,30117.7049443349,1329.01662987351
"27",26,4607.43025591545,363.682819468629,1161.70463320006,162.85083091661,35264.44700619,1562.05265653906
"28",27,4996.1495963496,397.962683621609,1193.72871675422,171.262582776112,41264.3852174464,1834.82464685696
"29",28,5417.43645379125,435.133900017822,1226.63237099008,179.906206222458,48249.233382406,2153.88759043642
"30",29,5873.97842513383,475.438559198176,1260.43839212156,188.788064860464,56367.4638687004,2526.79654913477
"31",30,6368.6780343773,519.13871497495,1295.17045870094,197.914688236312,65785.1037400669,2962.22947296166
"32",31,6904.66854558952,566.517970283896,1330.85306109362,207.292777948448,76686.0140900328,3470.11392313167
"33",32,7485.33076011474,617.883181796098,1367.51145997689,216.92921331217,89271.3820096993,4061.7532284739
"34",33,8114.31082252842,673.566291649739,1405.17166464699,226.831056757731,103758.105260331,4749.94525663488
"35",34,8795.53899144733,733.926289092236,1443.86042237172,237.00555913327,120375.673731577,5549.0844754285
"36",35,9533.24937810167,799.351309788857,1483.60521612618,247.460164968248,139361.078626709,6475.23507666293
"37",36,10332.0006254449,870.260879516232,1524.43422465021,258.202505832783,160951.262426091,7546.15920401389
"38",37,11196.6974859286,947.108308790649,1566.37646816014,269.240442616924,185372.616935166,8781.28095329424
"39",38,12132.6132355663,1030.38324465114,1609.46167382384,280.582032435737,212827.114843086,10201.5636318353
"40",39,13145.4128331982,1120.61438527079,1653.7203352718,292.235546333905,243474.874336176,11829.2751896053
"41",40,14241.1767033607,1218.3723623032,1699.18374044092,304.209477325883,277413.271165322,13687.6165903893
"42",41,15426.4249835782,1324.27279486843,1745.8839793972,316.512544847266,314653.219402992,15800.1902594831
"43",42,16708.142031732,1438.97951780105,1793.85396132737,329.153700469645,355094.048151618,18190.292914963
"44",43,18093.8009377439,1563.20798513578,1843.12743298099,342.142133804294,398498.812539761,20880.0298170887
"45",44,19591.3877232801,1697.72884776857,1893.73899638746,355.487278555591,444473.163488867,23889.2627006729
"46",45,21209.4248430331,1843.37170173211,1945.72412759465,369.198818696864,492451.222644992,27234.4294223924
"47",46,22956.9935212205,2001.02900048097,1999.11919533971,383.286694584715,541691.898144548,30927.2995187879
"48",47,24843.7543654464,2171.66012093168,2053.961482093,397.761109939944,591289.7328861,34973.7495834571
"49",48,26879.9655965257,2356.29556865744,2110.28920279211,412.632538067584,640201.506445126,39372.6758212057
"50",49,29076.4981168327,2556.04130250444,2168.14152464804,427.911728471003,687288.972645413,44115.1501265482
"51",50,31444.8465103793,2772.08315289016,2227.55858820895,443.609713921576,731375.284663003,49183.946095988
"52",51,33997.1349252361,3005.69130106594,2288.58152800544,459.737817456728,771311.693945736,54553.4842778492
"53",52,36746.1166334835,3258.22477858228,2351.25249351275,476.307659544401,806045.476390617,60190.2859795439
"54",53,39705.165896434,3531.13593699845,2415.61467040237,493.331165408197,834683.438180393,66053.8883601278
"55",54,42888.2605852548,3825.97482744727,2481.7123020111,510.82057250533,856543.502815418,72098.1759395076
"56",55,46309.9538221453,4144.39341793812,2549.59071102966,528.788438158737,871188.619785269,78273.0226203944
"57",56,49985.3327188727,4488.14956321712,2619.29632139344,547.247647344765,878440.839280697,84526.1027036692
"58",57,53929.9621033816,4859.1106275989,2690.87668035233,566.211420637958,878375.388572473,90804.7334935843
"59",58,58159.8109488201,5259.25664547932,2764.38048070827,585.693322314053,871297.611241727,97057.6089791673
"60",59,62691.1590622088,5690.68288733682,2839.8575832002,605.707268612346,857706.887158836,103236.321850839
"61",60,67540.4814641899,6155.60168110979,2917.35903901436,626.267536158436,838252.837762126,109296.595467358
"62",61,72724.3078115404,6656.34332017314,2996.9371124006,647.388770548135,813688.6977747,115199.191042503
"63",62,78259.0547542028,7195.35589373612,3078.64530336998,669.085995093225,784826.106903353,120910.484526533
"64",63,84160.8261929065,7775.20373272454,3162.53837044833,691.374619729566,752494.495516121,126402.735184737
"65",64,90445.1828726626,8398.56439790088,3248.67235345904,714.270450087841,717506.999523339,131654.086743535
"66",65,97126.8769521679,9068.22389798237,3337.10459630561,737.789696727063,680633.773458418,136648.351168797
"67",66,104219.549716248,9787.06983815561,3427.89376972228,761.948984530706,642582.703985966,141374.629025167
"68",67,111735.391768394,10558.0822896942,3521.09989395939,786.765362265144,603986.979388671,145826.815095466
"69",68,119684.765979664,11384.3221082548,3616.7843613671,812.256312299772,565398.539667343,150003.039517997
"70",69,128075.794081563,12268.9164135072,3715.00995883889,838.439760487978,527286.279301417,153905.078068885
"71",70,136913.908748045,13215.0409922354,3815.8408900735,865.334086207786,490037.961201703,157537.764223967
"72",71,146201.376736452,14225.8994589186,3919.34279761121,892.958132560748,453964.789738335,160908.424181181
"73",72,155936.7964964,15304.6988270108,4025.58278459748,921.331216727286,419307.696903517,164026.352170225
"74",73,166114.580111548,16454.6214461303,4134.62943622376,950.47314047637,386244.687817438,166902.333915181
"75",74,176724.430080338,17678.7932411712,4246.5528407923,980.404200827029,354898.596388942,169548.224954111
"76",75,187750.819927058,18980.2478948657,4361.42461034823,1011.14520085882,325344.859027719,171976.584371527
"77",76,199172.50226323,20361.8879999664,4479.31790094038,1042.71746074492,297618.983049272,174200.363131367
"78",77,210962.069358842,21826.4434518554,4600.30743215302,1075.14282880944,271723.502665247,176232.644131895
"79",78,223085.538390547,23376.4247576086,4724.46950548799,1108.44369245961,247634.307958949,178086.42961877
"80",79,235502.046248018,25014.0751868617,4851.88202341659,1142.64298994723,225306.277400867,179774.471424134
"81",80,248163.643074862,26741.320900054,4982.6245066377,1177.76422176647,204678.207034127,181309.138975867
"82",81,261015.208769882,28559.7199683406,5116.77811014889,1213.83146189111,185677.04775784,182702.319864016
"83",82,273994.519004746,30470.4112951124,5254.4256404092,1250.86937048235,168221.498391382,183965.348497894
"84",83,287032.478244317,32474.0645945611,5395.65156892883,1288.9032050414,152225.002563384,185108.958140585
"85",84,300053.535240338,34570.8326859139,5540.54204540269,1327.95883214273,137598.20713553,186143.252521912
"86",85,312976.269546463,36760.3086837764,5689.18491091092,1368.06273981725,124250.95181404,187077.693178094
"87",86,325714.248182726,39041.4832922608,5841.66970866879,1409.24204962344,112093.843947079,187921.099529953
"88",87,338177.00782955,41412.7152336447,5998.087693549,1451.52452890726,101039.47534382,188681.659116378
"89",88,350271.247037753,43871.7067225752,6158.53184025362,1494.93860301362,91003.355506946,189366.944844164
"90",89,361902.144992478,46415.4874209076,6323.09684933838,1539.51336725495,81904.573424843,189983.938588819
"91",90,372974.874250535,49040.4087388492,6491.87915223196,1585.2785996976,73666.2576250586,190539.058597409
"92",91,383396.20904693,51742.1495498591,6664.97691373483,1632.26477342296,66215.8715166662,191038.189362831
"93",92,393076.139950952,54515.7332106064,6842.49003251897,1680.50306888426,59485.3677815568,191486.713235562
"94",93,401929.488679243,57355.5564451821,7024.52013956292,1730.02538628498,53411.2344793981,191889.542712793
"95",94,409877.567459287,60255.4297043038,7211.17059415505,1780.86435793962,47934.4564224447,192251.152735938
"96",95,416849.668281095,63208.6290948105,7402.54647736878,1833.05336059734,43000.4116265105,192575.612477328
"97",96,422784.422169228,66207.958202452,7598.75458287038,1886.62652770902,38558.7198387884,192866.616202611
"98",97,427630.95914788,69245.819120633,7799.90340529049,1941.61876125007,34563.056726978,193127.512922009
"99",98,431349.839258982,72314.2909296979,8006.10312414798,1998.06574483893,30970.9449104526,193361.334626079
"100",99,433913.72328102,75405.213883463,8217.46558601601,2056.00395497409,27743.5308402092,193570.822973103
"101",100,435307.761739634,78510.2774124178,8434.10428279153,2115.4706726579,24845.3546384837,193758.454354043
"102",101,435529.696299403,81621.1098742144,8656.13432665358,2176.50399542066,22244.1184808358,193926.463305367
"103",102,434589.67713168,84729.368004364,8883.67242053337,2239.14284874055,19910.457804066,194076.864275293
"104",103,432509.8103786,87826.8240901024,9116.83682442731,2303.42699734469,17817.7185523958,194211.471775764
"105",104,429323.459947012,90905.4490165348,9355.74731835253,2369.39705617018,15941.7428043611,194331.91897207
"106",105,425074.335457471,93957.489539834,9600.52516107094,2437.0945007552,14260.6644130127,194439.674776209
"107",106,419815.440359027,96975.5364247363,9851.29304232904,2506.5616780447,12754.7157237568,194536.059519604
"108",107,413607.758353663,99952.5921781327,10108.1750312706,2577.84181632372,11406.0459835878,194622.259286736
"109",108,406518.992593128,102882.119024961,10371.2965194006,2650.97903484694,10198.5517020395,194699.338994318
"110",109,398622.204375573,105758.081427688,10640.7841582055,2726.01835306111,9117.71895204803,194768.254301475
"111",110,389994.459176899,108574.980902475,10916.7657908691,2803.00569936467,8150.47717355804,194829.862455063
"112",111,380715.456355934,111327.879686279,11199.3703779309,2881.98791935848,7285.06512733264,194884.932060078
"113",112,370866.235815906,114012.415037489,11488.7279166566,2963.01278354255,6510.90678766417,194934.152016255
"114",113,360527.99469054,116624.804161967,11784.9693565794,3046.12899421118,5818.49782885147,194978.139586082
"115",114,349780.982874317,119161.841522966,12088.2264980711,3131.38619249952,5199.3019305843,195017.447663703
"116",115,338703.531205544,121620.888517954,12398.631895704,3218.83496366681,4645.65633856922,195052.571339595
"117",116,327371.212213907,123999.856615401,12716.3187506561,3308.52684200774,4150.68575637405,195083.953830735
"118",117,315856.129213316,126297.185098604,13041.4207925962,3400.5143152471,3708.22408748054,195111.991822535
"119",118,304226.343919594,128511.814142945,13374.0721545782,3494.85082784693,3312.74351557815,195137.040276276
"120",119,292545.433916633,130643.1542802,13714.4072385959,3591.59078340842,2959.2902254513,195159.416755263
"121",120,280872.172430319,132691.053170828,14062.560574716,3690.78954611928,2643.42627031944,195179.405313786
"122",121,269260.323267274,134655.760481907,14418.6666733892,3792.50344104933,2361.17706348338,195197.259990925
"123",122,257758.538433912,136537.891682165,14782.8598605587,3896.78975353159,2108.98397631272,195213.207948262
"124",123,246410.34678012,138338.391441259,15155.2741085021,4003.70672721326,1883.66161063543,195227.452285697
"125",124,235254.221600543,140058.497231724,15536.0428615028,4113.31356101877,1682.35930908826,195240.17456748
"126",125,224323.714409492,141699.703660512,15925.2988305561,4225.67040439491,1502.52651035883,195251.537087371
"127",126,213647.643026066,143263.727956764,16323.1738023118,4340.83835153208,1341.88159334716,195261.684898894
"128",127,203250.322629235,144752.476962026,16729.7984299873,4458.87943413179,1198.38387297037,195270.747634554
"129",128,193151.829211418,146168.015893356,17145.3020063138,4579.8566123793,1070.20844605389,195278.841135367
"130",129,183368.285987007,147512.539075286,17569.8122287552,4703.83376441447,955.723609782518,195286.068910047
"131",130,173912.166545568,148788.342643849,18003.454951145,4830.8756739582,853.470598725522,195292.52344134
"132",131,164792.601450093,149997.799564298,18446.3539270297,4961.04801633767,762.145411536695,195298.287355203
"133",132,156015.679599779,151143.337666841,18898.6305454586,5094.41734283492,680.582518141608,195303.434467011
"134",133,147584.763037911,152227.418010191,19360.4035394752,5231.05106235323,607.740258297912,195308.030717541
"135",134,139500.781195047,153252.516749934,19831.7886924077,5371.01742149806,542.687760603663,195312.135010174
"136",135,131762.515887835,154221.108831722,20312.8985393934,5514.38548317621,484.593227087617,195315.79995964
"137",136,124366.870766907,155135.653637321,20803.8420203904,5661.22510032204,432.713443865676,195319.072561528
"138",137,117309.125759433,155998.582487466,21304.724163265,5811.6068903303,386.384391959842,195321.994790879
"139",138,110583.174223976,156812.287898717,21815.6457414982,5965.60220637312,345.012844814056,195324.604137299
"140",139,104181.741943455,157579.114474308,22336.7029057432,6123.2831049969,308.068850445565,195326.934083272
"141",140,98096.5822749582,158301.351494543,22867.986810327,6284.72231187711,275.07900637503,195329.014531656
"142",141,92318.6759538046,158981.226031313,23409.5832234829,6449.99318449373,245.620444789155,195330.872187726
"143",142,86838.3826977733,159620.898505815,23961.5721295693,6619.16967247222,219.31545379202,195332.530900569
"144",143,81645.5854413626,160222.458932182,24524.0273264204,6792.32627578612,195.8266681659,195334.011968132
"145",144,76729.8303292552,160787.923686086,25097.0159861134,6969.53799772008,174.852769909756,195335.334409765
"146",145,72080.4409820629,161319.233607094,25680.5982202025,7150.88029630875,156.124644978001,195336.515209724
"147",146,67686.6200926583,161818.252793892,26274.8266441572,7336.42903405775,139.401948185084,195337.5695347
"148",147,63537.5384902224,162286.768053144,26879.7458778317,7526.26041828941,124.470033231158,195338.510928138
"149",148,59622.411330816,162726.488958496,27495.3920984094,7720.45094542805,111.137209284262,195339.351483824
"150",149,55930.5633585453,163139.048405156,28121.792564559,7919.07734002812,99.232289581843,195340.102000928
"151",150,52451.4839809194,163526.003593863,28758.9651094534,8122.2164876672,88.6024011296307,195340.772122499
"152",151,49174.8730596884,163888.837376996,29406.9176386104,8329.94536605556,79.1110278189904,195341.370459149
"153",152,46090.6786680054,164228.959895627,30065.6476144577,8542.34097182433,70.6362621936884,195341.904699536
"154",153,43189.1269472598,164547.710477694,30735.1415384509,8759.48024447196,63.0692437050129,195342.381709021
"155",154,40460.7460971895,164846.359704355,31415.3744380337,8981.43998815438,56.3127636315796,195342.80761779
"156",155,37896.3845321211,165126.111630013,32106.3093152741,9208.29678520743,50.2800189342443,195343.187899542
"157",156,35487.2237021676,165388.106123914,32807.8966140768,9440.12690898008,44.8934991917676,195343.527441771
"158",157,33224.7866979108,165633.421282913,33520.0736969296,9677.0062352575,40.0839924419202,195343.830608519
"159",158,31100.9431408058,165863.075890039,34242.7642563322,9919.01013907995,35.7896972555779,195344.101296423
"160",159,29107.9107947088,166078.03189738,34975.8778036794,10166.2134006108,31.9554297161973,195344.34298476
"161",160,27238.2544229918,166279.196910944,35719.3091372668,10418.6901036623,28.5319151803213,195344.558780142
"162",161,25484.8824488829,166467.426657151,36472.9377843371,10676.5135258553,25.4751557710567,195344.751456415
"163",162,23841.0415402245,166643.527420185,37236.6274689816,10939.7560280118,22.7458655190725,195344.923490305
"164",163,22300.309659871,166808.258434341,38010.2255809229,11208.4889386751,20.3089659264419,195345.077093232
"165",164,20856.5878922549,166962.334221187,38793.5626560101,11482.782436118,18.1331354982528,195345.214239727
"166",165,19504.0911334164,167106.426879056,39586.4518813868,11762.7054292602,16.1904074749148,195345.336692802
"167",166,18237.3381547499,167241.168284988,40388.68857832,12048.3254278295,14.4558106130735,195345.446026608
"168",167,17051.1412448836,167367.152162532,41200.0497257027,12339.7084140507,12.9070484126898,195345.543646663
"169",168,15940.5949557808,167484.936222158,42020.2934973452,12636.918710235,11.5242126790559,195345.630807914
"170",169,14901.0648921111,167595.044115328,42849.1588171511,12940.0188428741,10.2895277474668,195345.708630867
"171",170,13928.1766527097,167697.967269614,43686.3649376489,13249.0694036206,9.18712209048254,195345.778115988
"172",171,13017.8035253145,167794.166861541,44531.6110440095,13564.1289073459,8.20282437814337,195345.840156562
"173",172,12166.0558128165,167884.075429619,45384.5758861641,13885.2536474721,7.32398137458244,195345.895550172
"174",173,11369.2697647925,167968.098496134,46244.9174421216,14212.4975487836,6.53929533416688,195345.945008958
"175",174,10623.9964005909,168046.616199006,47112.2726153121,14545.9120179541,5.83867881015009,195345.98916876
"176",175,9926.9907139425,168119.984777985,47986.2569688795,14885.5457920425,5.21312501199903,195346.028597302
"177",176,9275.20120681523,168188.537992153,48866.4644999429,15231.4447852309,4.65459204691229,195346.063801482
"178",177,8665.75980592565,168252.588464719,49752.4674568178,15583.6519341028,4.1558995591042,195346.095233893
"179",178,8095.97203404207,168312.428958529,50643.816202194,15942.207041777,3.71063643946516,195346.123298636
"180",179,7563.30758071266,168368.33358206,51540.0391252659,16307.1466212386,3.31307842024746,195346.148356521
"181",180,7065.39124430218,168420.558929262,52440.6426057701,16678.5037382245,2.95811449628147,195346.1707297
"182",181,6599.9942352197,168469.345156383,53345.1110328396,17056.3078540475,2.64118122751894,195346.190705812
"183",182,6165.02586859713,168514.916997805,54252.9068815121,17440.5846687581,2.35820407887686,195346.208541675
"184",183,5758.52563168516,168557.48472394,55163.4708496437,17831.3559650679,2.10554504370941,195346.224466597
"185",184,5378.65562317913,168597.245043838,56076.2220578647,18228.6394534737,1.87995587792455,195346.238685316
"186",185,5023.69336212386,168634.381955066,56990.5583150841,18632.4486190433,1.67853634381648,195346.251380633
"187",186,4692.02495527659,168669.067543531,57905.8564518923,19042.7925703382,1.49869692703026,195346.262715766
"188",187,4382.1386145652,168701.462735749,58821.4727240338,19459.6758909673,1.3381255475333,195346.272836446
"189",188,4092.61851445821,168731.71800603,59736.7432879187,19883.0984942786,1.19475783677664,195346.28187279
"190",189,3822.13897731865,168759.974040968,60650.9847499168,20313.0554817095,1.06675059904543,195346.289940973
"191",190,3569.4589751132,168786.36236353,61563.4947909282,20749.5370053293,0.952458115909157,195346.297144725
"192",191,3333.41693509081,168811.005918972,62473.5528674531,21192.5281351152,0.850410989213791,195346.303576661
"193",192,3112.92583676282,168834.019624692,63380.420990086,21642.0087315118,0.759297250677703,195346.309319474
"194",193,2906.96858757689,168855.510886071,64283.3445522782,22097.9533273953,0.677945495280502,195346.314446998
"195",194,2714.59366460399,168875.580080239,65181.5533362427,22560.331002652,0.605309821641915,195346.319025154
"196",195,2534.91100969632,168894.321009621,66074.2624805775,23029.1052836486,0.540456385810796,195346.323112803
"197",196,2367.08816579301,168911.82132703,66960.6735605544,23504.2340442808,0.482551395620181,195346.326762497
"198",197,2210.34664229253,168928.162933995,67839.9757642427,23985.6694098394,0.430850391279421,195346.330021159
"199",198,2063.95849773259,168943.422353901,68711.3471417314,24473.3576734027,0.384688674406467,195346.332930686
"200",199,1927.24312837063,168957.671081466,69573.9559347332,24967.2392207458,0.343472762464776,195346.335528483
"201",200,1799.56424814927,168970.975910379,70426.9619532463,25467.2484651085,0.306672758749578,195346.337847949
"202",201,1680.32706569852,168983.399238594,71269.5180009742,25973.3137944074,0.273815539836737,195346.339918906
"203",202,1568.97562030814,168994.999355749,72100.7714441367,26485.3575238512,0.244478672915363,195346.341767978
"204",203,1464.99028544921,169005.830711822,72919.8657886687,27003.2958635118,0.218284984807637,195346.343418939
"205",204,1367.88543135069,169015.944168009,73725.9422744369,27527.0388971028,0.194897712856575,195346.344893014
"206",205,1277.20723322726,169025.3872315,74518.1417115297,28056.4905704089,0.17401617534238,195346.346209155
"207",206,1192.53161507029,169034.204275303,75295.6061366378,28591.5486959149,0.155371905766568,195346.347384284
"208",207,1113.46232314356,169042.436743786,76057.4805822077,29132.1049678553,0.138725201306272,195346.348433508
"209",208,1039.62912143496,169050.123344895,76802.9149484216,29678.0449897416,0.123862041065393,195346.349370317
"210",209,970.686101358912,169057.300229886,77531.0658702064,30229.2483158906,0.110591334503267,195346.350206756
"211",210,906.310098970579,169064.001161386,78241.098624318,30785.5885068951,0.0987424646661138,195346.350953577
"212",211,846.199213187992,169070.257670497,78932.1890326124,31346.9331974585,0.0881630946364856,195346.351620384
"213",212,790.071418719318,169076.09920367,79603.5253387677,31913.1441773385,0.0787172089998116,195346.352215748
"214",213,737.663267970763,169081.553259985,80254.3102098862,32484.0774888793,0.0702833651484962,195346.352747324
"215",214,688.728676391122,169086.645519463,80883.7626507246,33059.5835365593,0.0627531319417121,195346.353221947
"216",215,643.037786044621,169091.399962986,81491.1198648759,33639.5072063269,0.0560296956476849,195346.353645718
"217",216,600.375902563218,169095.838984361,82075.6393217673,34223.6880131902,0.0500266152458751,195346.354024085
"218",217,560.542500843579,169099.983495038,82636.600520968,34811.9602454705,0.0446667110866628,195346.354361914
"219",218,523.350295166289,169103.853021966,83173.3068050518,35404.1531262116,0.0398810726206185,195346.354663548
"220",219,488.624369670145,169107.465799017,83685.0872292017,36000.0909937186,0.0356081724402363,195346.354932864
"221",220,456.201365339975,169110.838852404,84171.2983097582,36599.5934911188,0.0317930752437946,195346.355173326
"222",221,425.928719918769,169113.988080491,84631.3257237241,37202.4757683857,0.0283867315513626,195346.355388024
"223",222,397.663957363273,169116.928328339,85064.5859484999,37808.548696507,0.0253453470542567,195346.355579719
"224",223,371.274023669165,169119.673457357,85470.5278285097,38417.6190931415,0.0226298203904911,195346.355750876
"225",224,346.634666093345,169122.236410357,85848.6340640165,39029.4899591776,0.0202052383870529,195346.355903694
"226",225,323.629852979497,169124.629272329,86198.4226146334,39643.9607256196,0.0180404285248875,195346.35604014
"227",226,302.151231569735,169126.863327199,86519.4480102847,40260.8275101846,0.0161075585872133,195346.356161967
"228",227,282.097621349299,169128.949110854,86811.3025699664,40879.883384895,0.014381778297103,195346.356270741
"229",228,263.374540623625,169130.896460656,87073.6175105202,41500.9186487824,0.0128408998609343,195346.356367861
"230",229,245.893764173892,169132.714561701,87306.0639103302,42123.7211021384,0.0114651127107735,195346.356454575
"231",230,229.572909972818,169134.411990008,87508.3536464101,42748.07634398,0.0102367287983227,195346.356531999
"232",231,214.335053070525,169135.996752867,87680.2401466433,43373.7680639226,0.00913995519153098,195346.356601127
"233",232,200.108364881283,169137.47632651,87821.5190313545,44000.578340771,0.00816069102884698,195346.356662849
"234",233,186.825776214552,169138.857691301,87932.028639266,44628.2879457548,0.0072863462290697,195346.356717958
"235",234,174.42466250003,169140.147364595,88011.6504231354,45256.6766491566,0.00650567962500914,195346.356767163
"236",235,162.846549756112,169141.351431417,88060.3092170821,45885.5235293113,0.00580865443943168,195346.356811096
"237",236,152.036839944341,169142.475573124,88077.9733749644,46514.60728304,0.00518630924554793,195346.356850321
"238",237,141.944554440175,169143.525094162,88064.6559127833,47143.7065465845,0.00463064275289788,195346.356885344
"239",238,132.522094432396,169144.504947049,88020.4116268887,47772.6001969145,0.00413451093738481,195346.356916615
"240",239,123.725017140405,169145.419755715,87945.3383298342,48401.0676548994,0.00369153519290082,195346.356944535
"241",240,115.51182681073,169146.273837286,87839.5772136143,49028.8891918337,0.00329602032367552,195346.356969464
"242",241,107.843779521535,169147.071222428,87703.3093145868,49655.8461606598,0.00294288132300519,195346.356991722
"243",242,100.684700887134,169147.81567435,87536.7627482772,50281.7215081306,0.00262757799698131,195346.357011595
"244",243,94.0008158136576,169148.510706536,87340.2035209369,50906.2998867411,0.0023460565926974,195346.357029339
"245",244,87.7605895124338,169149.159599314,87113.9374705779,51529.3679820191,0.00209469768046799,195346.357045182
"246",245,81.9345790294233,169149.765415318,86858.3098555817,52150.7148112741,0.00187026961999859,195346.357059328
"247",246,76.4952945975992,169150.331013933,86573.7039729522,52770.1319956491,0.0016698870122368,195346.357071958
"248",247,71.417070164492,169150.859064774,86260.5399785227,53387.414026561,0.00149097360273383,195346.357083234
"249",248,66.675942489585,169151.35206028,85919.2736351721,54002.358524377,0.00133122915957716,195346.357093303
"250",249,62.2495382459328,169151.812327464,85550.3949581491,54614.766488094,0.00118859990005488,195346.357102293
"251",250,58.1169685975034,169152.242038895,85154.4267865994,55224.4425349355,0.00106125208583718,195346.357110319
"252",251,54.2587307584565,169152.643222942,84731.9233293616,55831.1951227234,0.000947548447194935,195346.357117486
"253",252,50.656616073031,169153.017773343,84283.4684694987,56434.8367873098,0.000846027044065817,195346.357123885
"254",253,47.293624185055,169153.367458138,83809.6742208935,57035.1843348217,0.00075538244518238,195346.357129598
"255",254,44.1538828944621,169153.693928012,83311.1790689142,57632.0590330066,0.000674449622712089,195346.357134699
"256",255,41.2225733247097,169153.998724082,82788.6462195198,58225.286800865,0.000602188075345651,195346.357139253
"257",256,38.4858600497779,169154.283285169,82242.7618336143,58814.6983779322,0.000537668737093094,195346.35714332
"258",257,35.9308258525877,169154.548954585,81674.2332225533,59400.129482397,0.000480062098425442,195346.357146951
"259",258,33.5454108083237,169154.796986474,81083.7870478545,59981.4209556788,0.000428627521941697,195346.357150193
"260",259,31.3183554063683,169155.028551728,80472.1675407665,60558.4188894463,0.000382703723427464,195346.357153087
"261",260,29.2391474434565,169155.244743514,79840.1346036253,61130.9747503744,0.000341700269879442,195346.357155672
"262",261,27.2979724383156,169155.446582433,79188.4619908483,61698.9454839238,0.000305089988119432,195346.357157979
"263",262,25.4856673345549,169155.635021335,78517.935537846,62262.1936039077,0.000272402187103617,195346.357160039
"264",263,23.7936772739802,169155.810949815,77829.351192955,62820.5872796422,0.000243216606337098,195346.357161879
"265",264,22.2140152369088,169155.975198416,77123.5133311218,63374.0003960207,0.000217158012666349,195346.357163521
"266",265,20.7392243595121,169156.128542544,76401.2330136727,63922.312606055,0.000193891375983204,195346.357164988
"267",266,19.3623427507757,169156.271706131,75663.3261941345,64465.4093752309,0.000173117561672234,195346.357166297
"268",267,18.0768706434066,169156.405365049,74910.6120207005,65003.1820097825,0.000154570204174862,195346.357167466
"269",268,16.8767397239781,169156.530150302,74143.9111648433,65535.5276733095,0.000138010350343363,195346.35716851
"270",269,15.7562844978433,169156.646651005,73364.0442083371,66062.3493923174,0.000123224605037688,195346.357169442
"271",270,14.7102155539129,169156.755417163,72571.8301225628,66583.556049195,0.000110022926269518,195346.357170274
"272",271,13.7335946033242,169156.856962268,71768.0846913403,67099.0623660004,9.82356116961464e-05,195346.357171017
"273",272,12.8218111743724,169156.951765723,70953.6190710458,67608.7888761074,8.77111319258339e-05,195346.35717168
"274",273,11.9705608538651,169157.040275103,70129.2381870954,68112.6620352562,7.8314193079188e-05,195346.357172273
"275",274,11.1758249723384,169157.122908272,69295.7398351088,68610.6138095719,6.99239959996958e-05,195346.357172801
"276",275,10.4338516373688,169157.200055351,68453.9132433259,69102.5818152175,6.24326833273543e-05,195346.357173274
"277",276,9.74113802555978,169157.272080562,67604.5378022604,69588.5093498253,5.57439530122417e-05,195346.357173695
"278",277,9.09441384970821,169157.339323948,66748.3825770191,70068.3449204007,4.97718203321345e-05,195346.357174072
"279",278,8.49062592319281,169157.402102974,65886.2032489781,70542.0431873013,4.44395125445011e-05,195346.357174408
"280",279,7.92692374879026,169157.460714031,65018.7431065433,71009.5637717914,3.96784819604642e-05,195346.357174708
"281",280,7.40064606395393,169157.515433834,64146.731453817,71470.8715301825,3.54275247530426e-05,195346.357174976
"282",281,6.90930827909489,169157.566520724,63270.8828978064,71925.9365098094,3.16319941719441e-05,195346.357175215
"283",282,6.45059074961331,169157.614215893,62391.8963947205,72374.7338097683,2.82430905382041e-05,195346.357175429
"284",283,6.02232782635729,169157.65874452,61510.4545668507,72817.243464334,2.52141501111138e-05,195346.357175619
"285",284,5.62249763285547,169157.700316834,60627.2231017104,73253.4503230873,2.25100242933235e-05,195346.35717579
"286",285,5.24921252109527,169157.739129107,59742.8501443414,73683.3439282965,2.00959460943164e-05,195346.357175942
"287",286,4.9007101608178,169157.775364582,58857.9657877498,74106.9183877151,1.79407650691694e-05,195346.357176078
"288",287,4.57534522028724,169157.809194333,57973.1816305892,74524.1722439016,1.60167153572437e-05,195346.357176199
"289",288,4.27158159928135,169157.84077808,57089.0903893731,74935.1083407618,1.42990095352821e-05,195346.357176307
"290",289,3.98798517765405,169157.870264937,56206.2655760058,75339.7336874843,1.27655183436439e-05,195346.357176404
"291",290,3.72321704525222,169157.897794119,55325.2612351954,75738.0593203781,1.13964857621685e-05,195346.35717649
"292",291,3.47602718123931,169157.923495598,54446.6117384987,76130.1001630203,1.01742744971943e-05,195346.357176567
"293",292,3.24524855299783,169157.947490718,53570.8311112199,76515.8749776823,9.08313875912748e-06,195346.357176636
"294",293,3.02979160676218,169157.969892766,52698.4141965575,76895.4059921786,8.10902140887511e-06,195346.357176698
"295",294,2.82863912398107,169157.990807509,51829.8359402685,77268.7188863992,7.23937285924282e-06,195346.357176752
"296",295,2.64084141913409,169158.010333689,50965.5510645688,77635.8427130451,6.46298939817323e-06,195346.357176801
"297",296,2.46551185633793,169158.028563496,50105.9955176201,77996.8095213247,5.76986885093976e-06,195346.357176845
"298",297,2.30182266358188,169158.045582998,49251.582873517,78351.6548057468,5.15108172178706e-06,195346.357176884
"299",298,2.14900102483649,169158.061472548,48402.7084066602,78700.4167163149,4.59865615493133e-06,195346.357176919
"300",299,2.00632543159024,169158.076307166,47559.7479389798,79043.1361425623,4.10547523286923e-06,195346.35717695
"301",300,1.87312227659363,169158.09015689,46723.057867819,79379.8566105477,3.66518528888582e-06,195346.357176978
"302",301,1.74876267373242,169158.103087108,45892.9754794083,79710.6241246333,3.27211405254872e-06,195346.357177002
"303",302,1.6326594890196,169158.115158869,45069.8192293218,80035.4870310817,2.92119757365377e-06,195346.357177025
"304",303,1.5242645686912,169158.126429166,44253.8890474233,80354.4958844038,2.60791498318109e-06,195346.357177044
"305",304,1.42306615132186,169158.136951209,43445.4666522334,80667.7033162491,2.32823025078462e-06,195346.357177062
"306",305,1.32858645174419,169158.146774676,42644.8158954041,80975.1639065339,2.07854018847495e-06,195346.357177078
"307",306,1.24037940536693,169158.155945948,41852.1831275515,81276.9340570903,1.85562803062498e-06,195346.357177092
"308",307,1.15802856224386,169158.164508323,41067.7975809706,81573.0718680294,1.65662199226813e-06,195346.357177104
"309",308,1.0811451209524,169158.172502229,40291.8717697653,81863.6370168869,1.47895827179428e-06,195346.357177115
"310",309,1.0093660930003,169158.179965405,39524.6019045858,82148.6906406769,1.32034802140579e-06,195346.357177125
"311",310,0.942352589095521,169158.186933089,38766.1683197318,82428.2952209592,1.17874785981286e-06,195346.357177134
"312",311,0.87978821918906,169158.193438177,38016.735897513,82702.5144753287,1.05233354728244e-06,195346.357177142
"313",312,0.821377598737724,169158.199511381,37276.4545516501,82971.4132393344,9.39476483895193e-07,195346.357177149
"314",313,0.766844954135339,169158.205181374,36545.4596556679,83235.057367944,8.38722728236978e-07,195346.357177156
"315",314,0.715932820728784,169158.210474927,35823.8724960173,83493.5136352126,7.48774266221783e-07,195346.357177161
"316",315,0.668400827272397,169158.215417033,35111.8007447044,83746.8496319449,6.6847228873179e-07,195346.357177166
"317",316,0.624024561082292,169158.220031023,34409.338925632,83995.1336706341,5.96782262639811e-07,195346.357177171
"318",317,0.582594508533078,169158.224338683,33716.5688849405,84238.4346928135,5.32780602883564e-07,195346.357177175
"319",318,0.543915065895109,169158.22836035,33033.5602553492,84476.8221803392,4.75642773887678e-07,195346.357177179
"320",319,0.507803615842469,169158.232115011,32360.3709093886,84710.3660724738,4.24632667043625e-07,195346.357177182
"321",320,0.474089665271885,169158.235620395,31697.0474396277,84939.1366801672,3.79093117397296e-07,195346.357177185
"322",321,0.442614040362203,169158.238893049,31043.6256143474,85163.2046080248,3.38437437370387e-07,195346.357177187
"323",322,0.413228135074266,169158.241948427,30400.1308187282,85382.6406810582,3.0214185844422e-07,195346.35717719
"324",323,0.385793209543329,169158.244800953,29766.5785431978,85597.5158658788,2.69738783431981e-07,195346.357177192
"325",324,0.360179735051662,169158.247464095,29142.9748002555,85807.9012062051,2.40810762408136e-07,195346.357177193
"326",325,0.336266782488906,169158.249950426,28529.3165546409,86013.8677580048,2.14985114686743e-07,195346.357177195
"327",326,0.313941451413039,169158.252271685,27925.5921668096,86215.4865240857,1.91929127563403e-07,195346.357177196
"328",327,0.293098337016472,169158.254438832,27331.7818137713,86412.828394534,1.71345769966092e-07,195346.357177198
"329",328,0.273639032480763,169158.256462099,26747.8579051723,86605.9640895284,1.52969865793684e-07,195346.357177199
"330",329,0.255471664370489,169158.258351037,26173.785487067,86794.9641053668,1.36564677643154e-07,195346.3571772
"331",330,0.238510458872789,169158.260114565,25609.5226260291,86979.8986649556,1.21918856913507e-07,195346.357177201
"332",331,0.222675336834745,169158.26176101,25055.020810715,87160.837667246,1.08843720994505e-07,195346.357177202
"333",332,0.207891535686668,169158.263298144,24510.2253239976,87337.85064216,9.71708224621417e-08,195346.357177202
"334",333,0.194089256466354,169158.264733226,23975.0755972209,87511.0067089598,8.67497789647018e-08,195346.357177203
"335",334,0.181203334277812,169158.266073029,23449.5055967452,87680.3745321901,7.74463358417755e-08,195346.357177204
"336",335,0.169172930628648,169158.267323881,22933.444146487,87846.0222865022,6.91406365168676e-08,195346.357177204
"337",336,0.157941246193565,169158.268491687,22426.8152560829,88008.0176218458,6.1725678381016e-08,195346.357177205
"338",337,0.147455252647866,169158.26958196,21929.538456965,88166.4276288937,5.50919629119581e-08,195346.357177205
"339",338,0.137665442304885,169158.270599848,21441.5291134963,88321.3188084196,4.91661561817325e-08,195346.357177205
"340",339,0.128525594375336,169158.271550157,20962.6987249751,88472.7570426758,4.38728857753413e-08,195346.357177206
"341",340,0.119992556745026,169158.272437372,20492.9552177234,88620.8075688325,3.94070192186758e-08,195346.357177206
"342",341,0.112026042240647,169158.273265685,20032.2032262756,88765.5349544713,3.53957378516673e-08,195346.357177206
"343",342,0.104588438421784,169158.274039004,19580.3443641577,88907.0030750446,3.17927689762987e-08,195346.357177207
"344",343,0.0976446300011004,169158.274760981,19137.2774842458,89045.2750932326,2.85565500404639e-08,195346.357177207
"345",344,0.0911618330543133,169158.275435024,18702.8989287369,89180.4134401238,2.56497491873526e-08,195346.357177207
"346",345,0.0851094402372133,169158.276064317,18277.1027689897,89312.4797981439,2.30388346085869e-08,195346.357177207
"347",346,0.0794588762789608,169158.27665183,17859.7810353418,89441.5350856623,2.06936877333497e-08,195346.357177207
"348",347,0.074183463069403,169158.277200337,17450.823937069,89567.6394432044,1.85872557913921e-08,195346.357177207
"349",348,0.0692582937034507,169158.277712428,17050.1200727009,89690.8522212016,1.66952397420134e-08,195346.357177208
"350",349,0.0646601148878453,169158.27819052,16657.5566308707,89811.231969208,1.49958139690735e-08,195346.357177208
"351",350,0.0603672171551241,169158.27863687,16273.0195819115,89928.83642652,1.34693745085411e-08,195346.357177208
"352",351,0.056359332366454,169158.279053587,15896.3938605843,90043.7225141072,1.20983129042207e-08,195346.357177208
"353",352,0.0526175380194152,169158.279442637,15527.5635393953,90155.946327904,1.086681308294e-08,195346.357177208
"354",353,0.0491241679089434,169158.279805857,15166.4119940139,90265.5631332078,9.76066890602222e-09,195346.357177208
"355",354,0.0458627287196372,169158.280144963,14812.8220602102,90372.6273602499,8.76712029238412e-09,195346.357177208
"356",355,0.0428178221556355,169158.280461555,14466.6761824727,90477.1926008857,7.8747060228331e-09,195346.357177208
"357",356,0.0399750722404209,169158.280757127,14127.8565547753,90579.3116063167,7.07313152756803e-09,195346.357177208
"358",357,0.0373210574433063,169158.281033077,13796.2452537989,90679.0362857772,6.35315013172739e-09,195346.357177208
"359",358,0.0348432473121572,169158.281290705,13471.7243647326,90776.41770615,5.7064563890763e-09,195346.357177208
"360",359,0.0325299433131706,169158.281531229,13154.1760998769,90871.5060924634,5.12559027336816e-09,195346.357177208
"361",360,0.0303702235984003,169158.281755784,12843.4829105687,90964.3508291805,4.60385112219115e-09,195346.357177208
"362",361,0.0283538914410372,169158.28196543,12539.5275921635,91055.0004622986,4.13522034046256e-09,195346.357177208
"363",362,0.0264714271265574,169158.282161158,12242.193382658,91143.502702168,3.71429197215925e-09,195346.357177208
"364",363,0.024713942917416,169158.282343891,11951.3640552012,91229.9044269827,3.3362103391328e-09,195346.357177208
"365",364,0.0230731411472819,169158.282514492,11666.9240046128,91314.2516869157,2.99661402775072e-09,195346.357177208
"366",365,0.0215412750653593,169158.282673767,11388.7583281731,91396.5897088509,2.69158557719859e-09,195346.357177209
